23
9
8
9
21
7
5
4
7
10
13
6
18
11
11
8
4
6
8
14
3
4
10
3
13
15
20
12
2
11
18
6
1
12
4
3
15
11
7
15
24
4
8
11
18
11
16
15
19
3
13
10
24
9
2
1
15
13
17
17
12
18
5
8
12
3
5
9
15
1
18
4
10
18
12
12
21
16
15
12
3
16
18
2
11
9
13
15
1
16
9
4
23
3
10
6
6
11
23
2
12
10
5
8
8
16
6
18
24
4
19
4
3
8
1
14
22
4
15
4
11
12
7
2
18
17
8
2
5
1
9
15
10
15
17
7
13
10
24
11
15
11
15
6
3
10
9
8
16
5
12
3
6
17
10
11
16
3
19
10
23
16
15
8
15
14
1
7
23
11
23
17
6
6
18
18
1
2
3
4
24
18
4
13
11
18
16
3
16
13
22
2
9
17
3
14
23
7
